import numpy as np

WHITE = (255, 255, 255)
BLACK = (0, 0, 0)
RADIUS = 20
BORDER_RATIO = .9
WIDTH = 600
HEIGHT = 600

DISTANCE_INSTANCE_1 = np.array([
        [0, 4894.25, 9300.24],
        [4894.25, 0, 10755.76],
        [9300.24, 10755.76, 0]
    ])

DISTANCE_INSTANCE_2 = np.array([
    [0.00, 4978.67, 9310.70],
    [4978.67, 0.00, 10927.35],
    [9310.70, 10927.35, 0.00]
])

DISTANCE_INSTANCE_7 = np.array([
    [0.00, 5037.55, 9057.88, 13925.80],
    [5037.55, 0.00, 11446.89, 8933.74],
    [9057.88, 11446.89, 0.00, 17739.83],
    [13925.80, 8933.74, 17739.83, 0.00]
])

DISTANCE_INSTANCE_12 = np.array([
    [0.00, 9416.02, 5076.43, 8509.54, 13480.97],
    [9416.02, 0.00, 9179.12, 16966.53, 14658.31],
    [5076.43, 9179.12, 0.00, 13034.37, 8445.62],
    [8509.54, 16966.53, 13034.37, 0.00, 20755.07],
    [13480.97, 14658.31, 8445.62, 20755.07, 0.00]
])

DISTANCE_INSTANCE_20 = np.array([
    [0.00, 24278.72, 15614.95, 10112.96, 8222.16, 5138.50, 3517.65, 8730.25, 13753.28],
    [24278.72, 0.00, 37076.17, 15023.41, 25791.24, 26206.31, 24002.17, 18369.44, 30674.06],
    [15614.95, 37076.17, 0.00, 25095.86, 11311.51, 18584.77, 13855.49, 18707.42, 25498.41],
    [10112.96, 15023.41, 25095.86, 0.00, 15016.62, 11193.62, 11253.78, 9162.98, 16447.55],
    [8222.16, 25791.24, 11311.51, 15016.62, 0.00, 13210.51, 4793.90, 7433.19, 21793.95],
    [5138.50, 26206.31, 18584.77, 11193.62, 13210.51, 0.00, 8636.57, 13296.67, 8622.25],
    [3517.65, 24002.17, 13855.49, 11253.78, 4793.90, 8636.57, 0.00, 6557.71, 17258.49],
    [8730.25, 18369.44, 18707.42, 9162.98, 7433.19, 13296.67, 6557.71, 0.00, 21400.16],
    [13753.28, 30674.06, 25498.41, 16447.55, 21793.95, 8622.25, 17258.49, 21400.16, 0.00]
])